
$$ data.describe()

              Sell      "List"   "Living"    "Rooms"     "Beds"    "Baths"      "Age"    "Acres"      "Taxes"
count   20.000000   20.000000  20.000000  20.000000  20.000000  20.000000  20.000000  20.000000    20.000000
mean   159.450000  166.300000  20.050000   7.750000   3.750000   1.900000  24.150000   0.907500  3274.450000
std     47.197764   49.374082   4.795557   1.164158   0.638666   0.788069  15.540355   0.981861  1089.895962
min     87.000000   90.000000  10.000000   5.000000   3.000000   1.000000   2.000000   0.220000  1445.000000
25%    135.750000  140.000000  17.000000   7.000000   3.000000   1.000000  13.000000   0.337500  2668.500000
50%    150.500000  160.000000  19.500000   8.000000   4.000000   2.000000  20.000000   0.460000  3351.000000
75%    175.000000  180.000000  22.250000   8.000000   4.000000   2.250000  34.000000   0.890000  3715.250000
max    271.000000  285.000000  30.000000  10.000000   5.000000   3.000000  60.000000   4.000000  5702.000000



$$ data.describe(include="all")

              Sell      "List"   "Living"    "Rooms"     "Beds"    "Baths"      "Age"    "Acres"      "Taxes"
count   20.000000   20.000000  20.000000  20.000000  20.000000  20.000000  20.000000  20.000000    20.000000
mean   159.450000  166.300000  20.050000   7.750000   3.750000   1.900000  24.150000   0.907500  3274.450000
std     47.197764   49.374082   4.795557   1.164158   0.638666   0.788069  15.540355   0.981861  1089.895962
min     87.000000   90.000000  10.000000   5.000000   3.000000   1.000000   2.000000   0.220000  1445.000000
25%    135.750000  140.000000  17.000000   7.000000   3.000000   1.000000  13.000000   0.337500  2668.500000
50%    150.500000  160.000000  19.500000   8.000000   4.000000   2.000000  20.000000   0.460000  3351.000000
75%    175.000000  180.000000  22.250000   8.000000   4.000000   2.250000  34.000000   0.890000  3715.250000
max    271.000000  285.000000  30.000000  10.000000   5.000000   3.000000  60.000000   4.000000  5702.000000
